0.06891929385565541 0.0712447563078794 0.07489623570297767 0.07846581500777533 0.08195708769236637 0.08537341579292178 
0.41172859609091184 0.43053171494307085 0.45664339179734187 0.4790687673872524 0.4987210626268658 0.5162112442530397 
0.4899233320197259 0.5060965360188269 0.5289760302946366 0.5489760664847344 0.5667410715834051 0.5827207459184732 
0.22279261706364917 0.24037290393241534 0.26499651003912533 0.2863159805985834 0.30511404944707016 0.3219245371513993 
0.09732923007666211 0.11222051906619786 0.13348054696542797 0.15223240202791227 0.16900593091340896 0.18417901141818632 
0.37552937516652946 0.3933828967366131 0.4183412079701762 0.4399109993132181 0.458903344310447 0.4758689905924383 
0.17346623162156224 0.1907908103076038 0.21510001938386825 0.23618351706876103 0.25479794740642336 0.2714614586080515 
0.2731670081421525 0.2919653218740738 0.31807120073999595 0.34049230222215 0.3601413162352111 0.3776288995475556 
0.3050445682149971 0.32018928979010386 0.3417718317080248 0.36077405802262436 0.37774758691653293 0.3930841079494022 
0.5161933993584988 0.523956373316659 0.5356395718694917 0.54652347390081 0.5567104776911449 0.5662844830721817 
0.27199199604034047 0.2873245835407808 0.3091454489655622 0.3283321106872209 0.3454526077248436 0.36090899393076276 
0.20573321362773686 0.2174583886858872 0.23458843501285206 0.2500526025364981 0.26414637712429107 0.27709299146670374 
-0.24602935643272447 -0.24524147262080595 -0.2439889154623127 -0.24274613906472342 -0.24151299186202568 -0.24028932578421477 
0.4643660984029618 0.48086637856259773 0.5041543803641564 0.524465738945767 0.5424758758773738 0.5586535725637739 
-0.03561966880033289 -0.022684548879968767 -0.003953797814864218 0.01280284702307573 0.027962112745260052 0.04180221926826582 
0.17239865197662324 0.18759340687915013 0.20923948259241854 0.2282909247775958 0.24530370149114905 0.2606722521708484 
0.3463526673377319 0.35749781200290337 0.3738503878276887 0.388678241396266 0.40224161164961525 0.414739318620852 
0.2638075927555182 0.2780866872131066 0.29856280536352914 0.31670232595964604 0.3329843193250981 0.34775412471374634 
0.3274419938006147 0.3456344883219512 0.37100626143851606 0.39288400799605067 0.41211461692365403 0.42927008836611963 
0.1442173559634031 0.16183175212505885 0.1864972110849854 0.20784803311365105 0.22667046385560694 0.24350042686567783 
