-0.03893323950175514 -0.0261730995725829 -0.010610074679416447 0.00356575506995951 0.01865102606691207 0.03430390397459645 0.04855423409469003 0.06778999267584793 0.09028153737733328 0.109984610686566 0.13034274414594246 
0.4564619555608856 0.4948373736947857 0.5348298352948834 0.5667640861754311 0.5973782814877873 0.6263935037749827 0.6509258073549122 0.6818250671374019 0.7154545053258553 0.7432027236867438 0.77055272499065 
0.513581397629287 0.5510571878518371 0.5903127842009432 0.6217763117767742 0.6520188155474818 0.6807413752815233 0.7050642993389638 0.7357415580875774 0.7691733978990342 0.7967871070377355 0.8240255197725332 
0.2562749479352591 0.29463444277511475 0.33461392766763637 0.36653991962778837 0.39714761048428715 0.42615772178384154 0.4506863744730896 0.4815817684383692 0.5152077701995628 0.5429536517117991 0.570301715843226 
0.1058596674208315 0.14361611554591172 0.18310240646587203 0.2147136903548984 0.2450730771051164 0.2738877999086128 0.2982767314413128 0.3290240415944055 0.3625182889344302 0.3901745104736275 0.41744821005869986 
0.4116628198578107 0.4500100261160917 0.4899794948032005 0.5218991112769724 0.5525017805960268 0.581507945881338 0.6060337797084818 0.6369261887414212 0.6705495370093619 0.6982936140278684 0.725640182256353 
0.20482550308554257 0.24311243947873357 0.283032762932509 0.3149210881058496 0.3454991061790962 0.37448589684774924 0.3989978885472038 0.4298756383785777 0.4634859537997824 0.4912211671675419 0.5185603870889517 
0.31784878559175145 0.35622601528346853 0.39621995306550106 0.42815514338027555 0.45877007852211676 0.4877858821193808 0.512318600929125 0.5432183003742851 0.5768481293805403 0.6045966135010494 0.6319468351078514 
0.3211568637487021 0.35791832666581297 0.3965834019027922 0.4276671036512218 0.45760825116775855 0.486092629835289 0.5102446636073622 0.5407402839360039 0.574010063120243 0.6015132445338027 0.6286598344267129 
0.5327108810546146 0.5521295492359556 0.574808509858083 0.5946552035748435 0.6150586094794025 0.6355643808785567 0.6537271624305258 0.677592127503688 0.7046965528841271 0.7278497860537958 0.7512875317951782 
0.2896069675962586 0.3264830300749228 0.36524316913273946 0.3963881728980678 0.4263780451751521 0.454900988879668 0.4790807221300732 0.5096058114259314 0.5429019070740727 0.5704230495798094 0.5975845689102082 
0.184017200304579 0.2198336147238582 0.2577099420773116 0.288282686549866 0.3178163949127807 0.3459774607347936 0.3698968194548648 0.4001444824811686 0.4331924642076921 0.4605440692086465 0.48756454429366625 
-0.6087854149528772 -0.5879831581514843 -0.5639005153929619 -0.5429875755599544 -0.5216243105974253 -0.5002749946657639 -0.48145373405275643 -0.45683364004761345 -0.4290016793143482 -0.4053200009801127 -0.3814215783013382 
0.4897974716531934 0.527605952808754 0.5671349323657153 0.598773519174623 0.6291544827011366 0.6579862057175551 0.6823873056914603 0.7131475232462287 0.7466532638916382 0.7743173116873756 0.8015975054724526 
-0.052753208526616566 -0.014517258385193106 0.02536146348371304 0.05722328811548824 0.08778042231849989 0.1167507951405526 0.1412510549048682 0.17211637823217368 0.20571564402300194 0.23344334157192634 0.26077633000423084 
0.18318168305359853 0.22117368761567832 0.2608530297823994 0.29258769038564136 0.32304452584022647 0.35193599518977137 0.3763798428099496 0.40718538785815933 0.4407314760973894 0.46842299068208304 0.4957259716882894 
0.35057582015893407 0.3800483354176168 0.4123987041574868 0.43927123289719733 0.46578266995893214 0.49149831915694525 0.513631131713612 0.5419496432803852 0.5732493701562056 0.599393653846698 0.6254016987568032 
0.28293643266465013 0.31713642963899386 0.35364352488745576 0.38331927599093746 0.4121319962227551 0.43971728452840264 0.46322025937874245 0.4930223145765753 0.5256700498633203 0.5527472242765388 0.5795388063234486 
0.3668237230084335 0.4051533415241111 0.4451084723108737 0.47701896132256366 0.507614440933937 0.5366149560308399 0.5611367533988628 0.592024887979487 0.625644436255428 0.6533859290219112 0.680730354883466 
0.17835800305701902 0.21664635334416318 0.25656783010194073 0.2884568897776133 0.3190354865901584 0.34802273217969837 0.3725350489289249 0.40341314302722686 0.43702376454691017 0.4647591861065039 0.49209857863552897 
