sur_pos_AuAu200
1.244452343535790151e+00,1.224450989400727163e+00,-5.135225274887754709e-01,1.459944632490432215e-01,-7.551035027549684031e-01
1.244452343535790151e+00,1.224450989400727163e+00,-5.135225274887754709e-01,1.459944632490432215e-01,-7.551035027549684031e-01
1.244452343535790151e+00,1.224450989400727163e+00,-5.135225274887754709e-01,1.459944632490432215e-01,-7.551035027549684031e-01
1.214812118563870058e+00,1.254444052669688947e+00,-5.551094336214168479e-01,1.298342207895348821e-01,-5.625795050250226303e-01
8.969217465819010471e-01,1.177887102100421801e+00,-6.350624137866316410e-01,1.522576575064724103e-01,-4.396965988861598618e-01
1.104415326636530637e+00,1.288477129079137695e+00,-6.505780395710873965e-01,1.368582538036051954e-01,-4.683139056995989646e-01
1.252852932148065257e+00,1.321599843024302556e+00,-5.370968409373358954e-01,1.429705166692965546e-01,-6.990341699199663639e-01
1.247907142639136602e+00,1.279926729952929110e+00,-4.924946681680505978e-01,1.369474081969413171e-01,-7.953088628431905782e-01
1.247705545133642069e+00,1.292834395032089079e+00,-5.599055993028934086e-01,1.394544550978496222e-01,-7.446007760560560129e-01
1.247705545133642069e+00,1.292834395032089079e+00,-5.599055993028934086e-01,1.394544550978496222e-01,-7.446007760560560129e-01
1.254145786181979583e+00,1.268935139727313866e+00,-4.562746057564361912e-01,1.334507312436493121e-01,-8.235613148826483876e-01
1.336896912816782468e+00,1.400344267549446631e+00,-4.268936673970756823e-01,1.436240177116133721e-01,-7.745055729592716931e-01
1.240481692032026295e+00,1.496112679807231505e+00,-4.922078850842896980e-01,1.270800934363726098e-01,-6.760607478084830202e-01
1.225315594075053305e+00,1.540894577439225754e+00,-4.600233321496350891e-01,1.225743689007849774e-01,-6.336601476648660025e-01
1.286439128184236003e+00,1.706570802738158754e+00,-7.079470102405527321e-02,9.020750019883791437e-02,-7.807441856189041296e-01
1.334814522122053537e+00,1.597679249475425278e+00,-3.711815426325525968e-01,8.944547569673569343e-02,-4.892956072553663605e-01
1.217008415393256548e+00,1.662533896428251001e+00,-4.707694048206965687e-01,6.358038804788261611e-02,-3.378616981931471530e-01
1.309092778052687756e+00,1.600009404805845081e+00,-8.229216299428447901e-01,9.635504800446248463e-02,-3.380962133516397516e-01
1.304068947548465474e+00,1.599348170006397174e+00,-7.955902522519142650e-01,9.501799069674438103e-02,-3.239065026332283992e-01
1.304068947548465474e+00,1.599348170006397174e+00,-7.955902522519142650e-01,9.501799069674438103e-02,-3.239065026332283992e-01
1.225198229941083072e+00,1.487571885850478060e+00,-1.183655417787133457e+00,6.027183003706372555e-02,-1.263289881960156791e-01
1.225198229941083072e+00,1.487571885850478060e+00,-1.183655417787133457e+00,6.027183003706372555e-02,-1.263289881960156791e-01
1.225198229941083072e+00,1.487571885850478060e+00,-1.183655417787133457e+00,6.027183003706372555e-02,-1.263289881960156791e-01
1.225198229941083072e+00,1.487571885850478060e+00,-1.183655417787133457e+00,6.027183003706372555e-02,-1.263289881960156791e-01
1.238032438100201471e+00,1.443573860145076271e+00,-1.064642944206595887e+00,7.706229406065474852e-02,-2.171359396386782770e-01
1.238032438100201471e+00,1.443573860145076271e+00,-1.064642944206595887e+00,7.706229406065474852e-02,-2.171359396386782770e-01
1.238032438100201471e+00,1.443573860145076271e+00,-1.064642944206595887e+00,7.706229406065474852e-02,-2.171359396386782770e-01
1.238032438100201471e+00,1.443573860145076271e+00,-1.064642944206595887e+00,7.706229406065474852e-02,-2.171359396386782770e-01
1.271505484117725349e+00,1.282635913178164166e+00,-7.928389556087301893e-01,8.636229760327780725e-02,-3.157966059935307657e-01
1.271505484117725349e+00,1.282635913178164166e+00,-7.928389556087301893e-01,8.636229760327780725e-02,-3.157966059935307657e-01
1.004645201368768781e+00,1.089557855388219032e+00,-9.810802136825018671e-01,9.429722004534318858e-02,-1.138081972701809885e-01
1.004645201368768781e+00,1.089557855388219032e+00,-9.810802136825018671e-01,9.429722004534318858e-02,-1.138081972701809885e-01
1.004645201368768781e+00,1.089557855388219032e+00,-9.810802136825018671e-01,9.429722004534318858e-02,-1.138081972701809885e-01
1.004645201368768781e+00,1.089557855388219032e+00,-9.810802136825018671e-01,9.429722004534318858e-02,-1.138081972701809885e-01
1.187567808734694808e+00,1.062413512682772732e+00,-8.038600326814002717e-01,9.444289803605385170e-02,-1.428278071046160669e-01
1.187567808734694808e+00,1.062413512682772732e+00,-8.038600326814002717e-01,9.444289803605385170e-02,-1.428278071046160669e-01
1.325127359106975877e+00,1.167117238980306837e+00,-6.052722664481917647e-01,1.042231482893168359e-01,-3.599281145756398903e-01
1.325127359106975877e+00,1.167117238980306837e+00,-6.052722664481917647e-01,1.042231482893168359e-01,-3.599281145756398903e-01
1.330016605280622599e+00,1.172046791132538068e+00,-5.851574420192686699e-01,1.020421492606457953e-01,-3.594042094916534147e-01
1.409342231737729989e+00,1.252026362367148149e+00,-2.588042594981039279e-01,6.665650736267815513e-02,-3.509041058938234259e-01
1.353148755596253583e+00,1.324082840367636571e+00,-3.762299478072956838e-01,8.627616219033730494e-02,-5.401028102027413125e-01
1.353148755596253583e+00,1.324082840367636571e+00,-3.762299478072956838e-01,8.627616219033730494e-02,-5.401028102027413125e-01
1.353148755596253583e+00,1.324082840367636571e+00,-3.762299478072956838e-01,8.627616219033730494e-02,-5.401028102027413125e-01
1.353148755596253583e+00,1.324082840367636571e+00,-3.762299478072956838e-01,8.627616219033730494e-02,-5.401028102027413125e-01
1.353148755596253583e+00,1.324082840367636571e+00,-3.762299478072956838e-01,8.627616219033730494e-02,-5.401028102027413125e-01
1.399429793515057252e+00,1.234561395153968899e+00,-4.214223439165206142e-01,9.797009136719667111e-02,-7.477948317033225045e-01
1.399429793515057252e+00,1.234561395153968899e+00,-4.214223439165206142e-01,9.797009136719667111e-02,-7.477948317033225045e-01
1.399429793515057252e+00,1.234561395153968899e+00,-4.214223439165206142e-01,9.797009136719667111e-02,-7.477948317033225045e-01
1.402589109420293800e+00,1.157844394353800155e+00,-3.999122765912428989e-01,8.439068589762696582e-02,-8.205512552036198226e-01
1.402589109420293800e+00,1.157844394353800155e+00,-3.999122765912428989e-01,8.439068589762696582e-02,-8.205512552036198226e-01
smooth_pos_AuAu200
1.898528560397534815e+00,1.607084819505935736e+00,-6.219117417074503384e-01,1.263190392828203445e-01,-7.220139284557411941e-01
1.898528560397534815e+00,1.607084819505935736e+00,-6.219117417074503384e-01,1.263190392828203445e-01,-7.220139284557411941e-01
1.778379690576583405e+00,1.471498345673106556e+00,-7.967679900754283118e-01,1.901243494226164121e-01,-3.720932008429918003e-01
1.828095028961197688e+00,1.534541243854085968e+00,-6.244890342512796622e-01,1.682605613996399074e-01,-4.288799273396733391e-01
1.700270684228290197e+00,1.585810790037926798e+00,-7.203971206754220535e-01,1.785506526598738541e-01,-3.644055141697695732e-01
1.806256447673097343e+00,1.539591082764450336e+00,-7.108535340028159233e-01,1.680270450402238103e-01,-3.608173693131767612e-01
1.721255918104538596e+00,1.515199064487177560e+00,-7.202368082172246888e-01,1.576950849133330612e-01,-3.302958770393846777e-01
1.610504785256253957e+00,1.522436516384175542e+00,-7.608529407886932550e-01,1.603719192876536248e-01,-2.597153526759868880e-01
1.657326932585656554e+00,1.533829565610620005e+00,-7.427066506321255979e-01,1.586123130290409966e-01,-2.861032472625096301e-01
1.657326932585656554e+00,1.533829565610620005e+00,-7.427066506321255979e-01,1.586123130290409966e-01,-2.861032472625096301e-01
1.657326932585656554e+00,1.533829565610620005e+00,-7.427066506321255979e-01,1.586123130290409966e-01,-2.861032472625096301e-01
1.657326932585656554e+00,1.533829565610620005e+00,-7.427066506321255979e-01,1.586123130290409966e-01,-2.861032472625096301e-01
1.657326932585656554e+00,1.533829565610620005e+00,-7.427066506321255979e-01,1.586123130290409966e-01,-2.861032472625096301e-01
1.676253715498972063e+00,1.522500032256690616e+00,-7.511147502822281830e-01,1.660034742994141166e-01,-2.694760528427244672e-01
1.676253715498972063e+00,1.522500032256690616e+00,-7.511147502822281830e-01,1.660034742994141166e-01,-2.694760528427244672e-01
1.958910562790119325e+00,1.502061625642276299e+00,-6.836327014605357855e-01,1.449534622068308354e-01,-4.532117293814890147e-01
1.958910562790119325e+00,1.502061625642276299e+00,-6.836327014605357855e-01,1.449534622068308354e-01,-4.532117293814890147e-01
1.958910562790119325e+00,1.502061625642276299e+00,-6.836327014605357855e-01,1.449534622068308354e-01,-4.532117293814890147e-01
1.958456696125580709e+00,1.504791924077292897e+00,-7.046689359017276333e-01,1.464147566201855766e-01,-4.387710924805815482e-01
1.958456696125580709e+00,1.504791924077292897e+00,-7.046689359017276333e-01,1.464147566201855766e-01,-4.387710924805815482e-01
2.076874143188992328e+00,1.536947463838452155e+00,-1.017064541695184676e+00,1.483585880940576363e-01,-2.852349646333220967e-01
2.076874143188992328e+00,1.536947463838452155e+00,-1.017064541695184676e+00,1.483585880940576363e-01,-2.852349646333220967e-01
2.076874143188992328e+00,1.536947463838452155e+00,-1.017064541695184676e+00,1.483585880940576363e-01,-2.852349646333220967e-01
2.076874143188992328e+00,1.536947463838452155e+00,-1.017064541695184676e+00,1.483585880940576363e-01,-2.852349646333220967e-01
2.142447600655455808e+00,1.551541401898636652e+00,-9.612044372103486500e-01,1.401540963081052138e-01,-3.873932151216913367e-01
2.142447600655455808e+00,1.551541401898636652e+00,-9.612044372103486500e-01,1.401540963081052138e-01,-3.873932151216913367e-01
2.142447600655455808e+00,1.551541401898636652e+00,-9.612044372103486500e-01,1.401540963081052138e-01,-3.873932151216913367e-01
2.396254187828143589e+00,1.604978276710482765e+00,-9.978046699248087625e-01,1.485935539912665859e-01,-4.328601384169123989e-01
2.396254187828143589e+00,1.604978276710482765e+00,-9.978046699248087625e-01,1.485935539912665859e-01,-4.328601384169123989e-01
2.396254187828143589e+00,1.604978276710482765e+00,-9.978046699248087625e-01,1.485935539912665859e-01,-4.328601384169123989e-01
2.396254187828143589e+00,1.604978276710482765e+00,-9.978046699248087625e-01,1.485935539912665859e-01,-4.328601384169123989e-01
2.396254187828143589e+00,1.604978276710482765e+00,-9.978046699248087625e-01,1.485935539912665859e-01,-4.328601384169123989e-01
2.378712522491961856e+00,1.614720852536517537e+00,-1.038678225592245319e+00,1.497140258531800827e-01,-3.897656834983760366e-01
2.378712522491961856e+00,1.614720852536517537e+00,-1.038678225592245319e+00,1.497140258531800827e-01,-3.897656834983760366e-01
2.378712522491961856e+00,1.614720852536517537e+00,-1.038678225592245319e+00,1.497140258531800827e-01,-3.897656834983760366e-01
2.378712522491961856e+00,1.614720852536517537e+00,-1.038678225592245319e+00,1.497140258531800827e-01,-3.897656834983760366e-01
2.139999909181715232e+00,1.503675342784182245e+00,-7.484302163434415345e-01,1.438428303281855947e-01,-5.218073203531155002e-01
2.139999909181715232e+00,1.503675342784182245e+00,-7.484302163434415345e-01,1.438428303281855947e-01,-5.218073203531155002e-01
2.164163586432525932e+00,1.508430098494730309e+00,-7.618926263722459735e-01,1.432281326572817370e-01,-5.225689444202550327e-01
2.556207424552096708e+00,1.585573683005306656e+00,-9.803136408250378020e-01,1.332549637689980915e-01,-5.349259221842916912e-01
2.329122901490907616e+00,1.506323763904758417e+00,-8.284128874157977718e-01,1.277566138131095430e-01,-7.001393724825938358e-01
2.329122901490907616e+00,1.506323763904758417e+00,-8.284128874157977718e-01,1.277566138131095430e-01,-7.001393724825938358e-01
2.329122901490907616e+00,1.506323763904758417e+00,-8.284128874157977718e-01,1.277566138131095430e-01,-7.001393724825938358e-01
2.577239125935594011e+00,1.555408374504044788e+00,-1.051999947499848487e+00,1.296183201273798935e-01,-7.705903923445505121e-01
2.577239125935594011e+00,1.555408374504044788e+00,-1.051999947499848487e+00,1.296183201273798935e-01,-7.705903923445505121e-01
2.255853821292177042e+00,1.547441869668349845e+00,-9.500112743478050792e-01,1.095244816513567254e-01,-5.754518502719438988e-01
2.255853821292177042e+00,1.547441869668349845e+00,-9.500112743478050792e-01,1.095244816513567254e-01,-5.754518502719438988e-01
2.255853821292177042e+00,1.547441869668349845e+00,-9.500112743478050792e-01,1.095244816513567254e-01,-5.754518502719438988e-01
2.254697238896912648e+00,1.552962970736167403e+00,-1.054230814362969948e+00,1.220885776055106453e-01,-4.037168400139827806e-01
2.254697238896912648e+00,1.552962970736167403e+00,-1.054230814362969948e+00,1.220885776055106453e-01,-4.037168400139827806e-01
sur_pos_PbPb2760
1.531999898559142093e+00,1.543669823619326475e+00,-3.829885501515599144e-01,1.363638329653082959e-01,-4.107303895794707782e-01
1.531999898559142093e+00,1.543669823619326475e+00,-3.829885501515599144e-01,1.363638329653082959e-01,-4.107303895794707782e-01
1.531999898559142093e+00,1.543669823619326475e+00,-3.829885501515599144e-01,1.363638329653082959e-01,-4.107303895794707782e-01
1.524024570294607583e+00,1.376836370486844263e+00,-5.009182985967484125e-01,1.212072867903179196e-01,-3.815013952541087550e-01
1.509910685464251667e+00,1.410213739006229483e+00,-4.583039378996682789e-01,1.241844604352633080e-01,-2.644568660357430323e-01
1.556819635253104517e+00,1.363309370590991110e+00,-6.005080987458253361e-01,1.164415307891372986e-01,-2.681728584957362438e-01
1.556819635253104517e+00,1.363309370590991110e+00,-6.005080987458253361e-01,1.164415307891372986e-01,-2.681728584957362438e-01
1.587668095110729594e+00,1.429741000793482986e+00,-6.740389023874429064e-01,1.081809562957415372e-01,-2.497353810770511495e-01
1.594454990968442676e+00,1.401856445913374882e+00,-6.455624352311836178e-01,1.084892861276806064e-01,-2.805191130005624811e-01
1.594454990968442676e+00,1.401856445913374882e+00,-6.455624352311836178e-01,1.084892861276806064e-01,-2.805191130005624811e-01
1.613099974949719462e+00,1.442917501912841294e+00,-7.021147074890601303e-01,1.034000008094358158e-01,-2.536057408496517063e-01
1.613099974949719462e+00,1.442917501912841294e+00,-7.021147074890601303e-01,1.034000008094358158e-01,-2.536057408496517063e-01
1.648078722646226790e+00,1.388299871026520416e+00,-7.791709137479361225e-01,9.895352998311268689e-02,-3.614696882130664091e-01
1.677125951083669797e+00,1.424146095971077219e+00,-8.741293345034601980e-01,9.143357205907154395e-02,-3.471226244520503879e-01
1.677125951083669797e+00,1.424146095971077219e+00,-8.741293345034601980e-01,9.143357205907154395e-02,-3.471226244520503879e-01
1.677125951083669797e+00,1.424146095971077219e+00,-8.741293345034601980e-01,9.143357205907154395e-02,-3.471226244520503879e-01
1.657026396138588931e+00,1.379183814070668923e+00,-8.502274997635000942e-01,9.704735004112052810e-02,-4.722263150091836059e-01
1.657026396138588931e+00,1.379183814070668923e+00,-8.502274997635000942e-01,9.704735004112052810e-02,-4.722263150091836059e-01
1.658141586980744542e+00,1.374970757493457096e+00,-8.452574908792661601e-01,9.743990367281851750e-02,-4.747846715421707442e-01
1.658141586980744542e+00,1.374970757493457096e+00,-8.452574908792661601e-01,9.743990367281851750e-02,-4.747846715421707442e-01
1.658141586980744542e+00,1.374970757493457096e+00,-8.452574908792661601e-01,9.743990367281851750e-02,-4.747846715421707442e-01
1.658141586980744542e+00,1.374970757493457096e+00,-8.452574908792661601e-01,9.743990367281851750e-02,-4.747846715421707442e-01
1.658141586980744542e+00,1.374970757493457096e+00,-8.452574908792661601e-01,9.743990367281851750e-02,-4.747846715421707442e-01
1.658141586980744542e+00,1.374970757493457096e+00,-8.452574908792661601e-01,9.743990367281851750e-02,-4.747846715421707442e-01
1.631368453216428538e+00,1.334161911128233236e+00,-7.845293272894011682e-01,1.040614055707492214e-01,-4.470877976688559796e-01
1.631368453216428538e+00,1.334161911128233236e+00,-7.845293272894011682e-01,1.040614055707492214e-01,-4.470877976688559796e-01
1.631368453216428538e+00,1.334161911128233236e+00,-7.845293272894011682e-01,1.040614055707492214e-01,-4.470877976688559796e-01
1.792353278451638499e+00,1.338190206468335752e+00,-6.910839686185568098e-01,6.888862866877384916e-02,-2.549776465485208421e-01
1.792353278451638499e+00,1.338190206468335752e+00,-6.910839686185568098e-01,6.888862866877384916e-02,-2.549776465485208421e-01
1.792353278451638499e+00,1.338190206468335752e+00,-6.910839686185568098e-01,6.888862866877384916e-02,-2.549776465485208421e-01
1.792353278451638499e+00,1.338190206468335752e+00,-6.910839686185568098e-01,6.888862866877384916e-02,-2.549776465485208421e-01
1.792353278451638499e+00,1.338190206468335752e+00,-6.910839686185568098e-01,6.888862866877384916e-02,-2.549776465485208421e-01
1.792353278451638499e+00,1.338190206468335752e+00,-6.910839686185568098e-01,6.888862866877384916e-02,-2.549776465485208421e-01
1.792353278451638499e+00,1.338190206468335752e+00,-6.910839686185568098e-01,6.888862866877384916e-02,-2.549776465485208421e-01
1.700948983025959871e+00,1.354116584825495240e+00,-5.759585274376602948e-01,1.032045709713067250e-01,-4.552124384011660974e-01
1.752088583154179480e+00,1.299640899957465567e+00,-6.231160379534655958e-01,9.560258151810935301e-02,-3.771001650142716821e-01
1.533300398465778480e+00,1.281580251996094377e+00,-7.035965871034937091e-01,1.107567457587152748e-01,-3.326547916362266877e-01
1.533300398465778480e+00,1.281580251996094377e+00,-7.035965871034937091e-01,1.107567457587152748e-01,-3.326547916362266877e-01
1.534971729146281216e+00,1.286570990892861754e+00,-7.202800893748175781e-01,1.111170408098710038e-01,-3.207278297777368392e-01
1.562088251517864457e+00,1.367543287113862416e+00,-9.909617491171066606e-01,1.169626516928684440e-01,-1.272187104672137803e-01
1.498637698809116792e+00,1.310778820435852587e+00,-9.415820246915215241e-01,1.210233539414515280e-01,-1.657306540781046111e-01
1.498637698809116792e+00,1.310778820435852587e+00,-9.415820246915215241e-01,1.210233539414515280e-01,-1.657306540781046111e-01
1.498637698809116792e+00,1.310778820435852587e+00,-9.415820246915215241e-01,1.210233539414515280e-01,-1.657306540781046111e-01
1.498637698809116792e+00,1.310778820435852587e+00,-9.415820246915215241e-01,1.210233539414515280e-01,-1.657306540781046111e-01
1.498637698809116792e+00,1.310778820435852587e+00,-9.415820246915215241e-01,1.210233539414515280e-01,-1.657306540781046111e-01
1.567856567085149866e+00,1.409374578594401184e+00,-8.879297371027841113e-01,1.205979992357567726e-01,-1.801262833560138832e-01
1.567856567085149866e+00,1.409374578594401184e+00,-8.879297371027841113e-01,1.205979992357567726e-01,-1.801262833560138832e-01
1.567856567085149866e+00,1.409374578594401184e+00,-8.879297371027841113e-01,1.205979992357567726e-01,-1.801262833560138832e-01
1.658835979722424581e+00,1.425898726237362801e+00,-7.992347507663467576e-01,1.089888446543987588e-01,-1.253220258797348441e-01
1.658835979722424581e+00,1.425898726237362801e+00,-7.992347507663467576e-01,1.089888446543987588e-01,-1.253220258797348441e-01
smooth_pos_PbPb2760
1.395440998185668136e+00,1.434771184592961824e+00,-9.055221616517208361e-01,1.263531698082659138e-01,-3.177292677159324064e-01
1.395440998185668136e+00,1.434771184592961824e+00,-9.055221616517208361e-01,1.263531698082659138e-01,-3.177292677159324064e-01
1.395440998185668136e+00,1.434771184592961824e+00,-9.055221616517208361e-01,1.263531698082659138e-01,-3.177292677159324064e-01
1.437198528917174034e+00,1.421410977964520983e+00,-8.632042395221298792e-01,1.135933853727379705e-01,-2.596377665556250935e-01
1.328801809993446881e+00,1.397229206245813815e+00,-8.534989385783302573e-01,1.187997096621051241e-01,-2.845136437027850906e-01
1.356636025868507733e+00,1.395152991259346775e+00,-8.212648831734895571e-01,1.214655992259155021e-01,-2.788559170062585579e-01
1.356636025868507733e+00,1.395152991259346775e+00,-8.212648831734895571e-01,1.214655992259155021e-01,-2.788559170062585579e-01
1.313018279533768373e+00,1.381639364919475810e+00,-7.581189229128408869e-01,1.217287914652689790e-01,-2.950644708688286433e-01
1.324076001715513762e+00,1.379069819291663945e+00,-7.413183265790719290e-01,1.230567311872744346e-01,-2.918895852279086434e-01
1.324076001715513762e+00,1.379069819291663945e+00,-7.413183265790719290e-01,1.230567311872744346e-01,-2.918895852279086434e-01
1.288290552444432135e+00,1.369805092125120805e+00,-7.143831807539307022e-01,1.214037406068270569e-01,-2.934530980979203618e-01
1.288290552444432135e+00,1.369805092125120805e+00,-7.143831807539307022e-01,1.214037406068270569e-01,-2.934530980979203618e-01
1.288290552444432135e+00,1.369805092125120805e+00,-7.143831807539307022e-01,1.214037406068270569e-01,-2.934530980979203618e-01
1.246934632265770837e+00,1.365993551824989494e+00,-7.648895124016716895e-01,1.190545949461438435e-01,-2.751738282617106623e-01
1.246934632265770837e+00,1.365993551824989494e+00,-7.648895124016716895e-01,1.190545949461438435e-01,-2.751738282617106623e-01
1.471735621673921690e+00,1.390129946729488308e+00,-8.644565902716296879e-01,1.103736113979764677e-01,-2.297828449655157090e-01
1.373469280024610661e+00,1.365942639949669024e+00,-9.606587381015945226e-01,1.178289897142001108e-01,-2.479624017669975200e-01
1.373469280024610661e+00,1.365942639949669024e+00,-9.606587381015945226e-01,1.178289897142001108e-01,-2.479624017669975200e-01
1.377824387462197375e+00,1.360973324504096249e+00,-9.590017867359620363e-01,1.173868661412700021e-01,-2.460307630980174687e-01
1.377824387462197375e+00,1.360973324504096249e+00,-9.590017867359620363e-01,1.173868661412700021e-01,-2.460307630980174687e-01
1.377824387462197375e+00,1.360973324504096249e+00,-9.590017867359620363e-01,1.173868661412700021e-01,-2.460307630980174687e-01
1.377824387462197375e+00,1.360973324504096249e+00,-9.590017867359620363e-01,1.173868661412700021e-01,-2.460307630980174687e-01
1.336358363552081041e+00,1.342915116997225988e+00,-8.856402764367576896e-01,1.146370614187977588e-01,-1.984357857858920493e-01
1.336358363552081041e+00,1.342915116997225988e+00,-8.856402764367576896e-01,1.146370614187977588e-01,-1.984357857858920493e-01
1.364875317313110514e+00,1.337238774604417424e+00,-7.689862646231163668e-01,1.204498726329316510e-01,-2.421660410271889996e-01
1.364875317313110514e+00,1.337238774604417424e+00,-7.689862646231163668e-01,1.204498726329316510e-01,-2.421660410271889996e-01
1.364875317313110514e+00,1.337238774604417424e+00,-7.689862646231163668e-01,1.204498726329316510e-01,-2.421660410271889996e-01
1.364875317313110514e+00,1.337238774604417424e+00,-7.689862646231163668e-01,1.204498726329316510e-01,-2.421660410271889996e-01
1.364875317313110514e+00,1.337238774604417424e+00,-7.689862646231163668e-01,1.204498726329316510e-01,-2.421660410271889996e-01
1.419620000900192025e+00,1.399923592850070619e+00,-8.238669452306790486e-01,1.058482721267620108e-01,-2.450510215253617341e-01
1.491737566011365645e+00,1.389486396259821177e+00,-8.100946027869586619e-01,1.042139013511984430e-01,-2.592132573262536654e-01
1.491737566011365645e+00,1.389486396259821177e+00,-8.100946027869586619e-01,1.042139013511984430e-01,-2.592132573262536654e-01
1.500322207172391176e+00,1.394952281996974186e+00,-8.297664583772037528e-01,1.035020274298203147e-01,-2.574081489997729344e-01
1.500322207172391176e+00,1.394952281996974186e+00,-8.297664583772037528e-01,1.035020274298203147e-01,-2.574081489997729344e-01
1.500322207172391176e+00,1.394952281996974186e+00,-8.297664583772037528e-01,1.035020274298203147e-01,-2.574081489997729344e-01
1.500322207172391176e+00,1.394952281996974186e+00,-8.297664583772037528e-01,1.035020274298203147e-01,-2.574081489997729344e-01
1.500322207172391176e+00,1.394952281996974186e+00,-8.297664583772037528e-01,1.035020274298203147e-01,-2.574081489997729344e-01
1.500322207172391176e+00,1.394952281996974186e+00,-8.297664583772037528e-01,1.035020274298203147e-01,-2.574081489997729344e-01
1.511244308310118800e+00,1.398447303280513809e+00,-8.512974114343597742e-01,1.027869211989812237e-01,-2.521126124934635615e-01
1.511244308310118800e+00,1.398447303280513809e+00,-8.512974114343597742e-01,1.027869211989812237e-01,-2.521126124934635615e-01
1.511244308310118800e+00,1.398447303280513809e+00,-8.512974114343597742e-01,1.027869211989812237e-01,-2.521126124934635615e-01
1.328079555663683742e+00,1.373350033348607280e+00,-8.895386875983202213e-01,1.171897164314752715e-01,-3.045210188955579933e-01
1.328079555663683742e+00,1.373350033348607280e+00,-8.895386875983202213e-01,1.171897164314752715e-01,-3.045210188955579933e-01
1.351176623408872013e+00,1.413493281990661821e+00,-1.163814844800991510e+00,1.074681993869363861e-01,-2.478656349393459357e-01
1.019239722465091091e+00,1.405472634111128105e+00,-1.158126062800848954e+00,1.295715858831275047e-01,-3.183741391352219452e-01
1.249642153159044700e+00,1.393595196221107280e+00,-8.340038333593403630e-01,1.319597661298979041e-01,-3.635213710985497615e-01
1.249642153159044700e+00,1.393595196221107280e+00,-8.340038333593403630e-01,1.319597661298979041e-01,-3.635213710985497615e-01
1.403017324514132191e+00,1.364351325062144848e+00,-6.033240652731909348e-01,1.478211748573680928e-01,-3.736175576968003842e-01
1.387250874902334008e+00,1.384628310104124793e+00,-6.856332599554308960e-01,1.489943706470079621e-01,-3.217238619700387159e-01
1.387250874902334008e+00,1.384628310104124793e+00,-6.856332599554308960e-01,1.489943706470079621e-01,-3.217238619700387159e-01
sur_pos_PbPb5020
1.559812668907248012e+00,1.410763411527410138e+00,-3.826263587966772239e-01,1.020897361522924290e-01,-4.931034493002979247e-01
1.559812668907248012e+00,1.410763411527410138e+00,-3.826263587966772239e-01,1.020897361522924290e-01,-4.931034493002979247e-01
1.751031055384338231e+00,1.674133641567035369e+00,-4.512854624993484220e-01,1.043425382137754820e-01,-8.177403874944788598e-01
1.700116887682947331e+00,1.523746639247722801e+00,-5.386845596928258040e-01,1.158463525530014776e-01,-7.694841532634510983e-01
1.765782609566872718e+00,1.575120144080204287e+00,-6.212634763325248777e-01,1.092713460994237246e-01,-7.799747692097040996e-01
1.733002169760102795e+00,1.485080103445022948e+00,-5.599882911857712031e-01,1.040580208444014249e-01,-6.660577994765468635e-01
1.733002169760102795e+00,1.485080103445022948e+00,-5.599882911857712031e-01,1.040580208444014249e-01,-6.660577994765468635e-01
1.737742837445724886e+00,1.498634496501881186e+00,-3.781325565489559448e-01,1.060327435878282015e-01,-7.553919969603603013e-01
1.733068347797934505e+00,1.464743190724283384e+00,-4.044177031465369110e-01,1.054259311514174624e-01,-7.101741321597869749e-01
1.529141224290756274e+00,1.349404619715800058e+00,-5.462026831525772508e-01,1.217807161281078826e-01,-4.605709447954631219e-01
1.501024875083469379e+00,1.337146057557520473e+00,-4.673166130764729864e-01,1.248902981238458193e-01,-4.771025028425305292e-01
1.501024875083469379e+00,1.337146057557520473e+00,-4.673166130764729864e-01,1.248902981238458193e-01,-4.771025028425305292e-01
1.572533507768903771e+00,1.499535861538583426e+00,-2.772132658736450317e-01,1.040269519673822918e-01,-5.728467962137198111e-01
1.575909413585820928e+00,1.499966176706681198e+00,-2.617836457878041090e-01,9.848512388458641187e-02,-5.824710885157101670e-01
1.575909413585820928e+00,1.499966176706681198e+00,-2.617836457878041090e-01,9.848512388458641187e-02,-5.824710885157101670e-01
1.575909413585820928e+00,1.499966176706681198e+00,-2.617836457878041090e-01,9.848512388458641187e-02,-5.824710885157101670e-01
1.523266622755898414e+00,1.616936335901214772e+00,-5.333045926697388417e-02,9.980021925691540119e-02,-7.471778368362268496e-01
1.523266622755898414e+00,1.616936335901214772e+00,-5.333045926697388417e-02,9.980021925691540119e-02,-7.471778368362268496e-01
1.524199899033421790e+00,1.627353490657601487e+00,-2.206541166747344462e-02,9.914794079331405718e-02,-7.595113408471032557e-01
1.470084753587165505e+00,1.659780580829453678e+00,-2.820079025280542995e-01,1.061233420224967500e-01,-6.239511062487992366e-01
1.470084753587165505e+00,1.659780580829453678e+00,-2.820079025280542995e-01,1.061233420224967500e-01,-6.239511062487992366e-01
1.470084753587165505e+00,1.659780580829453678e+00,-2.820079025280542995e-01,1.061233420224967500e-01,-6.239511062487992366e-01
1.470084753587165505e+00,1.659780580829453678e+00,-2.820079025280542995e-01,1.061233420224967500e-01,-6.239511062487992366e-01
1.470084753587165505e+00,1.659780580829453678e+00,-2.820079025280542995e-01,1.061233420224967500e-01,-6.239511062487992366e-01
1.472209138201428402e+00,1.552809577883241143e+00,-3.968930969080496363e-01,1.064598614459625753e-01,-5.872975688953452345e-01
1.472209138201428402e+00,1.552809577883241143e+00,-3.968930969080496363e-01,1.064598614459625753e-01,-5.872975688953452345e-01
1.332435177529924353e+00,1.595560624534796190e+00,-2.122510086097186832e-01,1.140574143307216126e-01,-2.773028632806787686e-01
1.332435177529924353e+00,1.595560624534796190e+00,-2.122510086097186832e-01,1.140574143307216126e-01,-2.773028632806787686e-01
1.332435177529924353e+00,1.595560624534796190e+00,-2.122510086097186832e-01,1.140574143307216126e-01,-2.773028632806787686e-01
1.332435177529924353e+00,1.595560624534796190e+00,-2.122510086097186832e-01,1.140574143307216126e-01,-2.773028632806787686e-01
1.332435177529924353e+00,1.595560624534796190e+00,-2.122510086097186832e-01,1.140574143307216126e-01,-2.773028632806787686e-01
1.378197003602337878e+00,1.568494782377655827e+00,-1.266271434168665944e-01,1.156943762981242213e-01,-2.785521989646033703e-01
1.384244867402314894e+00,1.599435588235261552e+00,-1.236402608864335534e-01,1.155028240105237525e-01,-2.381679222179867716e-01
1.384244867402314894e+00,1.599435588235261552e+00,-1.236402608864335534e-01,1.155028240105237525e-01,-2.381679222179867716e-01
1.429934008163798786e+00,1.425453345994043497e+00,-2.193671383908639416e-01,1.166976330130987810e-01,-3.301538834736839623e-01
1.429934008163798786e+00,1.425453345994043497e+00,-2.193671383908639416e-01,1.166976330130987810e-01,-3.301538834736839623e-01
1.562224666023752429e+00,1.453749673860474712e+00,-1.858685623333329040e-01,1.102409032118012028e-01,-5.829667346397356953e-01
1.562224666023752429e+00,1.453749673860474712e+00,-1.858685623333329040e-01,1.102409032118012028e-01,-5.829667346397356953e-01
1.558907285695722233e+00,1.460409731965485403e+00,-1.633852386637509868e-01,1.106087682168768876e-01,-6.007889264035434218e-01
1.558907285695722233e+00,1.460409731965485403e+00,-1.633852386637509868e-01,1.106087682168768876e-01,-6.007889264035434218e-01
1.537122080331759122e+00,1.516060722071436828e+00,-2.149107037437827106e-01,1.134080916459307697e-01,-5.662490345030242178e-01
1.537122080331759122e+00,1.516060722071436828e+00,-2.149107037437827106e-01,1.134080916459307697e-01,-5.662490345030242178e-01
1.537122080331759122e+00,1.516060722071436828e+00,-2.149107037437827106e-01,1.134080916459307697e-01,-5.662490345030242178e-01
1.591405292728129250e+00,1.733952642084916285e+00,-1.426788519553174317e-01,8.931198975582251010e-02,-6.050815985847070033e-01
1.591405292728129250e+00,1.733952642084916285e+00,-1.426788519553174317e-01,8.931198975582251010e-02,-6.050815985847070033e-01
1.476660749704807207e+00,1.620801096316748291e+00,-1.479268179218455048e-01,1.083575729216415401e-01,-6.203890879275164583e-01
1.476660749704807207e+00,1.620801096316748291e+00,-1.479268179218455048e-01,1.083575729216415401e-01,-6.203890879275164583e-01
1.476660749704807207e+00,1.620801096316748291e+00,-1.479268179218455048e-01,1.083575729216415401e-01,-6.203890879275164583e-01
1.447802249462938340e+00,1.713343223982046304e+00,-3.249327412102043233e-02,1.088930849370873394e-01,-7.225077045480212679e-01
1.447802249462938340e+00,1.713343223982046304e+00,-3.249327412102043233e-02,1.088930849370873394e-01,-7.225077045480212679e-01
smooth_pos_PbPb5020
2.472573749741838522e+00,1.579856346184666638e+00,-5.453583159565811300e-01,5.853842309338509742e-02,-1.183810537456123413e+00
2.472573749741838522e+00,1.579856346184666638e+00,-5.453583159565811300e-01,5.853842309338509742e-02,-1.183810537456123413e+00
2.472573749741838522e+00,1.579856346184666638e+00,-5.453583159565811300e-01,5.853842309338509742e-02,-1.183810537456123413e+00
2.394169530838047066e+00,1.541199431090105154e+00,-4.320904204105163737e-01,6.460998739192069795e-02,-1.149023326360799180e+00
2.394169530838047066e+00,1.541199431090105154e+00,-4.320904204105163737e-01,6.460998739192069795e-02,-1.149023326360799180e+00
2.394169530838047066e+00,1.541199431090105154e+00,-4.320904204105163737e-01,6.460998739192069795e-02,-1.149023326360799180e+00
2.394169530838047066e+00,1.541199431090105154e+00,-4.320904204105163737e-01,6.460998739192069795e-02,-1.149023326360799180e+00
2.437987411435609708e+00,1.567730023573372877e+00,-4.870062125674293196e-01,5.261546664357673320e-02,-1.199969639942829458e+00
2.434784435978443184e+00,1.566429101621220843e+00,-4.957772007133240955e-01,5.452178863276916504e-02,-1.202297669262616608e+00
2.434784435978443184e+00,1.566429101621220843e+00,-4.957772007133240955e-01,5.452178863276916504e-02,-1.202297669262616608e+00
2.434784435978443184e+00,1.566429101621220843e+00,-4.957772007133240955e-01,5.452178863276916504e-02,-1.202297669262616608e+00
2.434784435978443184e+00,1.566429101621220843e+00,-4.957772007133240955e-01,5.452178863276916504e-02,-1.202297669262616608e+00
2.434784435978443184e+00,1.566429101621220843e+00,-4.957772007133240955e-01,5.452178863276916504e-02,-1.202297669262616608e+00
2.434784435978443184e+00,1.566429101621220843e+00,-4.957772007133240955e-01,5.452178863276916504e-02,-1.202297669262616608e+00
2.434784435978443184e+00,1.566429101621220843e+00,-4.957772007133240955e-01,5.452178863276916504e-02,-1.202297669262616608e+00
2.434784435978443184e+00,1.566429101621220843e+00,-4.957772007133240955e-01,5.452178863276916504e-02,-1.202297669262616608e+00
2.434784435978443184e+00,1.566429101621220843e+00,-4.957772007133240955e-01,5.452178863276916504e-02,-1.202297669262616608e+00
2.434784435978443184e+00,1.566429101621220843e+00,-4.957772007133240955e-01,5.452178863276916504e-02,-1.202297669262616608e+00
2.442319663852748679e+00,1.565255058658556520e+00,-5.025588664441011932e-01,5.217981333309890113e-02,-1.223702378294288629e+00
2.442319663852748679e+00,1.565255058658556520e+00,-5.025588664441011932e-01,5.217981333309890113e-02,-1.223702378294288629e+00
2.442319663852748679e+00,1.565255058658556520e+00,-5.025588664441011932e-01,5.217981333309890113e-02,-1.223702378294288629e+00
2.442319663852748679e+00,1.565255058658556520e+00,-5.025588664441011932e-01,5.217981333309890113e-02,-1.223702378294288629e+00
2.442319663852748679e+00,1.565255058658556520e+00,-5.025588664441011932e-01,5.217981333309890113e-02,-1.223702378294288629e+00
2.442319663852748679e+00,1.565255058658556520e+00,-5.025588664441011932e-01,5.217981333309890113e-02,-1.223702378294288629e+00
2.383496857016560888e+00,1.535284099170526995e+00,-4.506088842641088332e-01,6.253754385365628554e-02,-1.139120275045971686e+00
2.383496857016560888e+00,1.535284099170526995e+00,-4.506088842641088332e-01,6.253754385365628554e-02,-1.139120275045971686e+00
2.383496857016560888e+00,1.535284099170526995e+00,-4.506088842641088332e-01,6.253754385365628554e-02,-1.139120275045971686e+00
2.521766568483893245e+00,1.601278392767464087e+00,-5.465874645573380874e-01,5.192371827375224375e-02,-1.200452197030761337e+00
2.521766568483893245e+00,1.601278392767464087e+00,-5.465874645573380874e-01,5.192371827375224375e-02,-1.200452197030761337e+00
2.521766568483893245e+00,1.601278392767464087e+00,-5.465874645573380874e-01,5.192371827375224375e-02,-1.200452197030761337e+00
2.521766568483893245e+00,1.601278392767464087e+00,-5.465874645573380874e-01,5.192371827375224375e-02,-1.200452197030761337e+00
2.521766568483893245e+00,1.601278392767464087e+00,-5.465874645573380874e-01,5.192371827375224375e-02,-1.200452197030761337e+00
2.521766568483893245e+00,1.601278392767464087e+00,-5.465874645573380874e-01,5.192371827375224375e-02,-1.200452197030761337e+00
2.521766568483893245e+00,1.601278392767464087e+00,-5.465874645573380874e-01,5.192371827375224375e-02,-1.200452197030761337e+00
2.416521507599936225e+00,1.553906201781331431e+00,-4.716107127462795257e-01,6.847751805150625870e-02,-1.190335391809765664e+00
2.382122852314101813e+00,1.567504992731629132e+00,-4.548609118604444168e-01,7.098465206754392409e-02,-1.195603858268034614e+00
2.382122852314101813e+00,1.567504992731629132e+00,-4.548609118604444168e-01,7.098465206754392409e-02,-1.195603858268034614e+00
2.382122852314101813e+00,1.567504992731629132e+00,-4.548609118604444168e-01,7.098465206754392409e-02,-1.195603858268034614e+00
2.380285752265782762e+00,1.569010698625427969e+00,-4.492525007265159021e-01,7.090649710411608964e-02,-1.193984698563844704e+00
2.380285752265782762e+00,1.569010698625427969e+00,-4.492525007265159021e-01,7.090649710411608964e-02,-1.193984698563844704e+00
2.380285752265782762e+00,1.569010698625427969e+00,-4.492525007265159021e-01,7.090649710411608964e-02,-1.193984698563844704e+00
2.380285752265782762e+00,1.569010698625427969e+00,-4.492525007265159021e-01,7.090649710411608964e-02,-1.193984698563844704e+00
2.380285752265782762e+00,1.569010698625427969e+00,-4.492525007265159021e-01,7.090649710411608964e-02,-1.193984698563844704e+00
2.305580752396665822e+00,1.618123647434808410e+00,-4.615192916368016651e-01,6.277054814627247570e-02,-1.220340418949105610e+00
2.305580752396665822e+00,1.618123647434808410e+00,-4.615192916368016651e-01,6.277054814627247570e-02,-1.220340418949105610e+00
2.305580752396665822e+00,1.618123647434808410e+00,-4.615192916368016651e-01,6.277054814627247570e-02,-1.220340418949105610e+00
2.305580752396665822e+00,1.618123647434808410e+00,-4.615192916368016651e-01,6.277054814627247570e-02,-1.220340418949105610e+00
2.305580752396665822e+00,1.618123647434808410e+00,-4.615192916368016651e-01,6.277054814627247570e-02,-1.220340418949105610e+00
2.305580752396665822e+00,1.618123647434808410e+00,-4.615192916368016651e-01,6.277054814627247570e-02,-1.220340418949105610e+00
2.305580752396665822e+00,1.618123647434808410e+00,-4.615192916368016651e-01,6.277054814627247570e-02,-1.220340418949105610e+00
