-0.027610817868222514 -0.02253702082149305 -0.01665455327699244 -0.010055666499940231 -0.00283460781213337 0.005195664857647689 0.01337238955933829 0.022910725294872206 0.03679946152439998 0.05559463326745636 0.07656485380297257 0.09963604267728046 0.12460940995384245 
0.4245799955781592 0.4452679727461491 0.466994881289056 0.48908273921577533 0.5110625553391329 0.533374130112177 0.5542486133999596 0.5767140565311955 0.6065730267010155 0.6429245922353747 0.6794771243398676 0.7161712219327246 0.7528573315160063 
0.4844480108289152 0.5043000075026208 0.5252545340513606 0.5466549895658105 0.5680367975709446 0.5898183028709627 0.6102585082448492 0.6323149405068867 0.6617111354042332 0.6976034530009798 0.7337877608177975 0.7701875744772257 0.8066396526202188 
0.22453969723708297 0.24520074730273217 0.2669028986385367 0.2889688208154735 0.31092962832231363 0.3332244117346648 0.35408517841639475 0.3765377361006389 0.4063821656548694 0.4427193418336393 0.4792603655935256 0.5159452842732631 0.5526241059879149 
0.0766474196975812 0.09666567127786241 0.11777442736113981 0.13931264812354166 0.1608146929258347 0.18270307720855444 0.20323105889796544 0.2253703353796342 0.25486046924502553 0.29084622519713155 0.3271056069903353 0.3635655190611119 0.400065454058876 
0.37998463564877805 0.40063175635453496 0.42232109765913933 0.4443756671744116 0.4663266350120422 0.48861272501742875 0.5094663891546888 0.5319122738274091 0.5617491722198308 0.5980788945520643 0.634613956124876 0.6712941189688493 0.7079691643509439 
0.17346508141077108 0.19403938994891548 0.21566173504545078 0.23765690227546138 0.2595563631204372 0.28179692986343485 0.3026133898193849 0.3250243108291785 0.3548217382365454 0.39111238331386455 0.4276161795234619 0.46427139779620497 0.5009266328290817 
0.2859557590477735 0.30664611588650226 0.32837521195000596 0.35046500778692813 0.3724465029883051 0.3947595608021483 0.4156352554369452 0.43810183641001194 0.46796209045995946 0.5043149263931106 0.5408684744494675 0.5775633822956381 0.614250135167204 
0.29365203432977577 0.3129186245075594 0.33332760559262864 0.35423871798830414 0.3751918632289438 0.39659108374996793 0.4167164499271434 0.4384750014396047 0.4675325583729316 0.5030871273798413 0.5389994033881385 0.5751810211605906 0.6114590748977238 
0.5191253126687324 0.5282319787938932 0.5385138262151212 0.549725698505262 0.5616409805311905 0.5745007136869724 0.587215373177966 0.6016152295479003 0.6218538129321112 0.6480767766774517 0.6760382457767401 0.7055319154997234 0.7362598945010992 
0.2618279106110432 0.28118925041322623 0.3016867927643168 0.3226775593784547 0.34370065006001954 0.3651623815670765 0.38533932444843805 0.40714675314140764 0.43625996776711795 0.47187014693220297 0.5078272845794173 0.5440449320378511 0.5803517512000553 
0.1603511967765682 0.17867406838011649 0.19819536683831515 0.21830339863831244 0.23854765711524561 0.2593103896786039 0.2789084883867042 0.3001655939073388 0.32865002246753006 0.3636296826061852 0.39907650477057727 0.4348832195169762 0.4708612613111317 
-0.5715219726713988 -0.5643589232814744 -0.5561682488627869 -0.5471165365525904 -0.5373653151871107 -0.5266961290093984 -0.5160067354388908 -0.5037411451322988 -0.4862352708106908 -0.46313036094573345 -0.4380268493668903 -0.4110934787949853 -0.38260698828179324 
0.4599224962510853 0.4800484481048133 0.5012569488325728 0.5228841318651762 0.5444637164168067 0.5664209452722869 0.587005410015095 0.609197948868985 0.6387484230925933 0.6747941398553134 0.7111016559120436 0.747600073704502 0.7841306540665284 
-0.08346321426840268 -0.06299644820689113 -0.04147316324910301 -0.01956591434850104 0.0022572476724517505 0.024430328430358316 0.045191599425982124 0.06755062586171624 0.09728943468417134 0.1335220103013016 0.16997932011815714 0.20659743367133457 0.24322319076301188 
0.15320908857666696 0.17344981978127116 0.19476447834842042 0.2164862278146034 0.23814814784483695 0.26017840995011693 0.2808227457267872 0.3030717016733677 0.3326860432578619 0.3687951763035782 0.4051535649918882 0.44169265632943183 0.4782555928950404 
0.33195195608366435 0.3464378000185572 0.3622418956779064 0.37889200459429284 0.39600523343032523 0.4138910029414837 0.4310568515390148 0.44995815980080106 0.47569728566511943 0.5078644861262405 0.5409896949482109 0.5748964701461532 0.6093343205190823 
0.2582498658761871 0.27580879630455746 0.2946039773963053 0.31404870808748797 0.33370235475959326 0.3539306632747698 0.3730830525543369 0.393913737189719 0.4219077286806792 0.4563921192837002 0.4914355145858596 0.5269156793617047 0.5626313636055846 
0.33519697962376377 0.35582785161947866 0.37750224719999725 0.3995435691550835 0.42148305330531816 0.44375899612349945 0.4646043690809811 0.48704246325998113 0.5168705684495553 0.5531915869622497 0.5897196858827426 0.626394294448113 0.6630649292443422 
0.14695791439635708 0.16753783575370568 0.18916534743263055 0.2111650972994852 0.23306853297052232 0.25531261375983233 0.276131946281759 0.298545567430079 0.3283460437207289 0.36463970795556827 0.4011459202587958 0.4378030664874123 0.47445983285286153 
