0.9691720759412888 1.591446659528319 -1.4662563116506286 0.006888322649610996 -0.2858033797816286
1.9260924160875037 1.2743430682036658 -0.7049524261409248 0.19427684304037451 -1.3738021617877418
2.4840910149551743 1.7406078560698126 -0.3005745580442736 0.15501427842668866 -0.5226323283738332
2.3306047861361208 1.0561435033706723 -1.1823881581837588 0.03683662811792337 -1.4547197380389545
0.9481831380250514 1.0786675672643113 -1.0794475987877927 0.05603696029394617 -0.7752039875381789
2.6530112735814635 1.5388070252992039 -0.49223494668493184 0.07081397913653882 -1.2579042294798195
1.2543564649850771 1.1962356826285352 -1.2229233841503397 0.07804957385318362 -1.0585446375310876
1.3010109198720161 1.1281497072777045 -0.3921972945500869 0.15194012911553295 -1.4751938889515808
1.4389078375474926 1.3152597964686388 -0.26512969804040454 0.12877736889177194 -0.447510847570314
2.783531893480908 1.6819009370334617 -0.910264242077298 0.06333215239003757 -0.014897177161801611
1.196279831914633 1.5185891222234376 -1.1296288616090078 0.1350933040384423 -0.4526836583281959
1.6890264588143227 1.0947385217637953 -0.7817736468936085 0.04114766017320243 -0.5661176298773325
0.5274406751963663 1.6014154413611 -1.4931524762630473 0.000499332229960344 -0.9175629754455163
2.447187403925731 1.374337572406774 -0.03505840077794464 0.13989703465542894 -0.625589583153336
1.8972334458524793 1.6325313000626664 -1.0882433152355637 0.008121811859766402 -1.3901988041333115
1.6230739681126465 1.7581353956005592 -0.46264003919966723 0.046709053221353714 -0.894776641433186
1.7059137212934465 1.410222737219701 -0.8250000200404234 0.0928736114192477 -0.15805807980000508
0.8218793605631346 1.025043021865678 -0.9679729841398902 0.17319136727422024 -0.20918793045668438
1.5489309171116383 1.1894621779071577 -0.12066498166122952 0.1610779177358325 -1.0352754416144738
0.7822947056533328 1.1703547862430008 -0.9963429938340402 0.10596907296602064 -1.0059150509121637
